"actuator.calibrate" <-
structure(list(force = c(0.326633, 0.059423, 0.132632, 0.378652, 
0.13328, 0.323096, 0.166932, 0.030121, 0.165919, 0.444341, 0.090734, 
0.056241, 0.267288, 0.031022, 0.274247, 0.092423, 0.327487, 0.057893, 
0.032586, 0.133143, 0.227279, 0.181762, 0.377427, 0.374729, 0.454566, 
0.268931, 0.431653, 0.225878, 0.228483, 0.09356), press = c(80, 
20, 40, 90, 40, 80, 50, 10, 50, 100, 30, 20, 70, 10, 70, 30, 
80, 20, 10, 40, 60, 50, 90, 90, 100, 70, 100, 60, 60, 30), order = c(1, 
2, 3, 4, 5, 6, 7, 8, 9, 10, 11, 12, 13, 14, 15, 16, 17, 18, 19, 
20, 21, 22, 23, 24, 25, 26, 27, 28, 29, 30)), class = "data.frame", row.names = c("1", 
"2", "3", "4", "5", "6", "7", "8", "9", "10", "11", "12", "13", 
"14", "15", "16", "17", "18", "19", "20", "21", "22", "23", "24", 
"25", "26", "27", "28", "29", "30"))
