"auto.paint" <-
structure(list(thick = c(90.2, 106.8, 112.4, 120.3, 116.6, 103.5, 
120.3, 121, 129.1, 129.3, 103.8, 112.7, 122.4, 132.3, 138.7, 
104, 120.3, 129.2, 130.4, 138.8, 106.8, 121.5, 123.3, 129.4, 
133.4, 99, 105.8, 121, 123.3, 129.2, 89.7, 96.6, 106, 120.3, 
113.6, 84.8, 85.1, 89.8, 103.7, 103.7, 112, 97.4, 103.7, 89.5, 
82.6, 110.6, 105.9, 112, 98.2, 88.5, 111.9, 112, 120.3, 98.7, 
88.5, 121.3, 112, 115.2, 103.7, 91.1, 123.6, 103.7, 112.9, 98.7, 
96.6, 105.7, 103.4, 112, 95.6, 88.5, 97.3, 95.5, 95.8, 83.9, 
82.7, 91.3, 81.5, 71.1, 68.1, 70.5), DOI = c(56, 68, 63, 64, 
63, 57, 63, 62, 68, 64, 55, 66, 63, 65, 65, 65, 65, 66, 72, 69, 
64, 67, 63, 68, 66, 56, 58, 62, 69, 69, 50, 45, 56, 68, 64, 40, 
40, 45, 59, 55, 64, 58, 63, 59, 56, 63, 60, 63, 63, 50, 64, 62, 
74, 71, 52, 70, 65, 70, 62, 56, 71, 67, 65, 63, 55, 64, 65, 69, 
56, 55, 58, 55, 54, 54, 47, 55, 42, 42, 37, 36)), class = "data.frame", row.names = c("1", 
"2", "3", "4", "5", "6", "7", "8", "9", "10", "11", "12", "13", 
"14", "15", "16", "17", "18", "19", "20", "21", "22", "23", "24", 
"25", "26", "27", "28", "29", "30", "31", "32", "33", "34", "35", 
"36", "37", "38", "39", "40", "41", "42", "43", "44", "45", "46", 
"47", "48", "49", "50", "51", "52", "53", "54", "55", "56", "57", 
"58", "59", "60", "61", "62", "63", "64", "65", "66", "67", "68", 
"69", "70", "71", "72", "73", "74", "75", "76", "77", "78", "79", 
"80"))
