"BD2" <-
structure(list(expt = c(1, 1, 1, 1, 1, 1, 1, 1, 1, 1, 1, 1, 1, 
1, 1, 1, 1, 1, 1, 1, 2, 2, 2, 2, 2, 2, 2, 2, 2, 2, 2, 2, 2, 2, 
2, 2, 3, 3, 3, 3, 3, 3, 3, 3, 3, 3, 3, 3, 3, 3, 3, 3, 3, 3, 4, 
4, 4, 4, 4, 4, 4, 4, 5, 5), kpo4 = c(47.5, 47.5, 35, 35, 35, 
35, 45, 45, 45, 45, 35, 45, 40, 40, 40, 40, 40, 40, 40, 40, 40, 
40, 55, 55, 40, 40, 55, 55, 40, 40, 55, 55, 40, 40, 55, 55, 37.5, 
37.5, 37.5, 37.5, 47.5, 47.5, 47.5, 47.5, 37.5, 47.5, 42.5, 42.5, 
42.5, 42.5, 42.5, 42.5, 42.5, 42.5, 40, 35, 47.5, 47.5, 50, 50, 
52.5, 52.5, 47.5, 47.5), mgoac = c(6.5, 6.5, 2, 2, 4, 4, 2, 2, 
4, 4, 3, 3, 2, 4, 3, 3, 3, 3, 3, 3, 3, 9, 3, 9, 3, 9, 3, 9, 3, 
9, 3, 9, 3, 9, 3, 9, 1, 1, 6.5, 6.5, 1, 1, 6.5, 6.5, 3.75, 3.75, 
1, 6.5, 3.75, 3.75, 3.75, 3.75, 3.75, 3.75, 3, 2, 6.5, 5.5, 6.5, 
5.5, 6.5, 5.5, 6.5, 5.5), dmso = c(7.5, 7.5, 15, 20, 15, 20, 
15, 20, 15, 20, 17.5, 17.5, 17.5, 17.5, 15, 20, 17.5, 17.5, 17.5, 
17.5, 5, 5, 5, 5, 15, 15, 15, 15, 5, 5, 5, 5, 15, 15, 15, 15, 
7.5, 15, 7.5, 15, 7.5, 15, 7.5, 15, 11.25, 11.25, 11.25, 11.25, 
7.5, 15, 11.25, 11.25, 11.25, 11.25, 15, 15, 7.5, 8.5, 7.5, 8.5, 
7.5, 8.5, 7.5, 8.5), amtb = c(13106, 11807, 3665, 19, 10, 8, 
983, 15, 121, 18, 13, 83, 2414, 12, 1166, 12, 43, 38, 38, 32, 
962, 959, 840, 957, 22704, 8, 3670, 1828, 18, 4346, 19, 4292, 
16380, 9, 13, 129, 8, 10, 8, 10, 9, 8, 7628, 47, 5874, 6954, 
8, 2990, 6992, 838, 6474, 6501, 6863, 6601, 631, 6592, 20334, 
23924, 15212, 17447, 13290, 17012, 19447, 22148), lamtb = c(9.480825, 
9.376448, 8.206584, 2.944439, 2.302585, 2.079442, 6.890609, 2.70805, 
4.795791, 2.890372, 2.564949, 4.418841, 7.78904, 2.484907, 7.061334, 
2.484907, 3.7612, 3.637586, 3.637586, 3.465736, 6.869014, 6.865891, 
6.733402, 6.863803, 10.03030, 2.079442, 8.207947, 7.510978, 2.890372, 
8.377011, 2.944439, 8.364508, 9.703816, 2.197225, 2.564949, 4.859812, 
2.079442, 2.302585, 2.079442, 2.302585, 2.197225, 2.079442, 8.939581, 
3.850148, 8.678291, 8.847072, 2.079442, 8.003029, 8.852522, 6.731018, 
8.775549, 8.779711, 8.8339, 8.794976, 6.447306, 8.793612, 9.92005, 
10.08264, 9.62984, 9.766923, 9.494767, 9.741674, 9.875448, 10.00550
)), class = "data.frame", row.names = c("1", "2", "3", "4", "5", 
"6", "7", "8", "9", "10", "11", "12", "13", "14", "15", "16", 
"17", "18", "19", "20", "21", "22", "23", "24", "25", "26", "27", 
"28", "29", "30", "31", "32", "33", "34", "35", "36", "37", "38", 
"39", "40", "41", "42", "43", "44", "45", "46", "47", "48", "49", 
"50", "51", "52", "53", "54", "55", "56", "57", "58", "59", "60", 
"61", "62", "63", "64"))
