"injection" <-
list(x = structure(c(5000, 5000, 5000, 5000, 5000, 5000, 5000, 
5000, 0, 0, 10000, 10000, 7500, 0, 8000, 2000, 10000, 1500, 6000, 
9000, 5500, 7000, 1000, 1000, 9000, 3500, 3, 3, 3, 3, 3, 3, 3, 
3, 1, 5, 1, 5, 5, 1.5, 1, 5, 4, 2, 1.5, 3, 4.5, 3.5, 4, 3, 2, 
1.5, 0.5, 1, 2, 4, 5, 6, 8, 1, 7.5, 0, 0.1, 5.5, 8, 4.5, 2, 2, 
8, 8, 8, 7, 3, 4.5, 6, 3, 0.1, 6), .Dim = c(26, 3), .Dimnames = list(c("1", 
"2", "3", "4", "5", "6", "7", "8", "9", "10", "11", "12", "13", 
"14", "15", "16", "17", "18", "19", "20", "21", "22", "23", "24", 
"25", "26"), c("ppress", "ispeed", "ptime"))), y = structure(c(0.012, 
0.02075, 0.0295, 0.026, 0.027, 0.02775, 0.029, 0.02075, 0.00975, 
0.004, 0.02175, 0.02875, 0.02875, 0.0055, 0.0375, 0.02125, 0.03225, 
0.02125, 0.02925, 0.02725, 0.028, 0.0265, 0.014, 0.01225, 0.009, 
0.0265), .Names = c("1", "2", "3", "4", "5", "6", "7", "8", "9", 
"10", "11", "12", "13", "14", "15", "16", "17", "18", "19", "20", 
"21", "22", "23", "24", "25", "26")))
