"khuri.df1" <-
structure(list(temp = c(70, 70, 90, 90, 70, 70, 90, 90), time = c(30, 
30, 30, 30, 90, 90, 90, 90), yield = c(49.8, 48.1, 57.3, 52.3, 
65.7, 69.4, 73.1, 77.7)), row.names = c("1", "2", "3", "4", "5", 
"6", "7", "8"), class = "data.frame")
