"ozone" <-
list(x = structure(c(10.24210, 3.803765, 9.108949, 9.624015, 
-2.428538, -12.62685, -0.4197791, -7.888242, 3.546232, -16.90190, 
-27.20323, -6.188523, -5.261403, -12.2148, -25.55502, -15.66574, 
21.11000, 12.92044, 33.88364, 28.1149, -8.814045, 6.475625, -12.20406, 
-18.56899, 6.890729, -14.97142, -2.034010, 10.69585, 12.28708, 
-4.93974, 11.45687, 20.24325, 35.04863, 28.06104, 23.28734, -20.22941, 
-19.67594, -16.97776, -17.53123, -18.49981), .Dim = c(20, 2), .Dimnames = list(c("170310032", 
"170310037", "170310050", "170311002", "170311003", "170311601", 
"170314002", "170314003", "170317002", "170436001", "170890005", 
"170970001", "170971002", "170973001", "171110001", "171971008", 
"180891016", "180892008", "181270020", "181270024"), c("East.West", 
"North.South"))), y = c(36.49029, 34.63969, 31.6444, 34.46470, 
37.72047, 40.1343, 37.01811, 38.40017, 44.04856, 38.48703, 42.24023, 
40.00492, 42.10905, 39.63196, 42.80547, 44.10975, 35.11863, 46.89847, 
42.95642, 46.68686), lon.lat = structure(c(-87.546, -87.671, 
-87.568, -87.558, -87.792, -87.99, -87.753, -87.898, -87.676, 
-88.073, -88.273, -87.865, -87.847, -87.982, -88.241, -88.049, 
-87.335, -87.494, -87.087, -87.199, 41.757, 41.978, 41.708, 41.616, 
41.984, 41.668, 41.855, 42.039, 42.062, 41.813, 42.05, 42.177, 
42.391, 42.29, 42.221, 41.592, 41.6, 41.639, 41.631, 41.617), .Dim = c(20, 
2), .Dimnames = list(c("170310032", "170310037", "170310050", 
"170311002", "170311003", "170311601", "170314002", "170314003", 
"170317002", "170436001", "170890005", "170970001", "170971002", 
"170973001", "171110001", "171971008", "180891016", "180892008", 
"181270020", "181270024"), c("lat", "lon"))))
