"rossler" <-
c(13.826, 16.413, 8.1707, 0.88173, -2.5314, -5.415, -7.1653, 
-7.6376, -6.1774, -2.4068, 2.0182, 6.2966, 9.297, 9.7725, 7.7158, 
3.7258, -1.6392, -6.6156, -10.829, -12.194, -10.592, -6.1298, 
-0.32746, 6.4896, 12.138, 14.974, 12.21, 3.7752, -1.0058, -6.1122, 
-10.115, -11.793, -10.848, -6.8813, -0.64638, 6.5914, 12.403, 
15.084, 12.115, 3.6094, -1.4525, -6.279, -9.8714, -11.167, -10.071, 
-6.0666, 0.019344, 6.5585, 11.623, 14.146, 12.209, 5.7051, -0.47912, 
-6.4347, -11.717, -13.716, -12.649, -8.3252, -1.2223, 6.6123, 
13.429, 17.022, 8.3991, 0.44922, -2.2292, -4.5175, -5.8484, -5.8398, 
-4.0409, -1.4656, 1.9429, 4.8234, 6.9691, 7.3595, 6.0718, 3.0257, 
-0.57546, -4.4023, -7.8788, -9.1549, -8.5422, -5.6285, -0.94519, 
4.5998, 8.6367, 11.475, 11.559, 8.0757, 2.7841, -3.5202, -9.0835, 
-13.331, -14.844, -12.005, -6.1196, 1.6026, 9.5696, 16.2, 16.559, 
1.3599, -0.98001, -2.6895, -3.4291, -3.7632, -2.5448, -1.204, 
0.92898, 2.4575, 3.9103, 4.2027, 3.4988, 2.2926, 0.23494, -1.8592, 
-4.1555, -5.5449, -5.527, -3.9898, -1.4592, 1.5902, 4.4671, 6.3222, 
6.9337, 5.7583, 2.9283, -0.61991, -4.6623, -7.909, -9.1904, -8.2506, 
-4.9154, -0.47599, 4.6305, 8.9992, 11.097, 10.483, 7.447, 2.245, 
-4.1747, -10.041, -13.589, -13.291, -9.8029, -3.8433, 3.6612, 
10.592, 15.662, 14.699, 3.1999, -0.64648, -4.313, -6.5809, -7.7348, 
-7.1925, -4.454, -0.53033, 3.786, 7.5461, 9.4733, 9.2123, 6.73, 
2.3877, -2.9176, -7.8203, -11.212, -12.155, -9.7872, -4.8518, 
2.2185, 8.8347, 13.612, 14.756, 8.6635, 2.0699, -3.1771, -7.7709, 
-10.682, -11.474, -9.1558, -4.3307, 2.2203, 8.5422, 12.799, 13.759, 
9.8831, 3.5659, -2.2851, -7.6938, -11.642, -13.041, -11.303, 
-6.2759, 0.42482, 7.8575, 13.606, 16.158, 8.6109, 1.0792, -2.8096, 
-6.1421, -8.1113, -8.346, -6.3772, -2.9253, 2.0682, 6.8656, 9.8261, 
11.142, 9.4526, 4.6118, -1.4303, -7.7247, -12.367, -14.153, -12.519, 
-7.6245, -0.73513, 7.5834, 14.415, 17.493, 4.7145, -0.45901, 
-2.7568, -3.8855, -4.3139, -4.096, -2.3194, 0.051935, 2.1057, 
4.3209, 5.954, 5.8802, 4.0393, 1.0416, -2.3546, -5.5642, -7.6049, 
-7.5785, -5.7753, -2.318, 1.9138, 6.0432, 8.9169, 9.4746, 7.9286, 
3.8023, -1.1831, -6.2518, -10.238, -11.807, -10.744, -6.6594, 
-0.83291, 5.5698, 11.362, 14.494, 12.935, 5.4291, -0.48404, -6.0058, 
-10.133, -11.91, -11.09, -7.3402, -1.5426, 5.1339, 11.613, 15.108, 
12.958, 3.8971, -1.3056, -6.4179, -9.7016, -10.769, -8.9979, 
-4.9287, 0.99026, 6.8715, 11.195, 13.2, 11.359, 6.4498, -0.25887, 
-6.7851, -11.985, -14.236, -13.8, -9.7239, -2.6149, 5.5433, 13.395, 
17.565, 7.3493, -0.20408, -1.8093, -2.8792, -3.0381, -2.6721, 
-1.6046, -0.33693, 1.3245, 3.0132, 3.9434, 3.9707, 2.4806, 0.51869, 
-1.4843, -3.6351, -4.6123, -4.4262, -3.3517, -1.3536, 1.3214, 
3.9676, 5.7077, 5.4769, 4.3356, 2.1365, -0.6267, -3.7848, -6.1154, 
-7.1139, -6.2042, -3.7986, -0.26902, 3.7052, 6.984, 8.0107, 7.9821, 
5.5554, 1.6669, -2.8261, -7.1972, -10.106, -10.565, -8.1132, 
-3.5139, 2.104, 7.7076, 12.043, 13.227, 10.077, 4.4406, -1.6912, 
-7.4148, -12.308, -14.037, -12.702, -7.8967, -0.37375, 7.6443, 
14.384, 17.428, 4.8386, -0.49197, -3.0792, -4.5407, -5.4248, 
-4.7369, -2.8794, -0.25639, 2.6401, 5.3593, 7.3278, 7.6238, 5.1813, 
1.2006, -2.9898, -6.7874, -8.7033, -8.8349, -7.1795, -3.379, 
1.7683, 6.6936, 9.9471, 10.905, 9.2622, 5.3305, -0.14749, -5.9188, 
-10.73, -12.797, -12.04, -8.3665, -2.1953, 4.7371, 11.362, 15.614, 
13.78, 2.9364, -1.5513, -5.6995, -8.3018, -8.5426, -6.9417, -3.7013, 
1.3918, 5.6464, 9.3027)
