"rossler.state" <-
structure(c(13.826, 16.413, 8.1707, 0.88173, -2.5314, -5.415, 
-7.1653, -7.6376, -6.1774, -2.4068, 2.0182, 6.2966, 9.297, 9.7725, 
7.7158, 3.7258, -1.6392, -6.6156, -10.829, -12.194, -10.592, 
-6.1298, -0.32746, 6.4896, 12.138, 14.974, 12.21, 3.7752, -1.0058, 
-6.1122, -10.115, -11.793, -10.848, -6.8813, -0.64638, 6.5914, 
12.403, 15.084, 12.115, 3.6094, -1.4525, -6.279, -9.8714, -11.167, 
-10.071, -6.0666, 0.019344, 6.5585, 11.623, 14.146, 12.209, 5.7051, 
-0.47912, -6.4347, -11.717, -13.716, -12.649, -8.3252, -1.2223, 
6.6123, 13.429, 17.022, 8.3991, 0.44922, -2.2292, -4.5175, -5.8484, 
-5.8398, -4.0409, -1.4656, 1.9429, 4.8234, 6.9691, 7.3595, 6.0718, 
3.0257, -0.57546, -4.4023, -7.8788, -9.1549, -8.5422, -5.6285, 
-0.94519, 4.5998, 8.6367, 11.475, 11.559, 8.0757, 2.7841, -3.5202, 
-9.0835, -13.331, -14.844, -12.005, -6.1196, 1.6026, 9.5696, 
16.2, 16.559, 1.3599, -0.98001, -2.6895, -3.4291, -3.7632, -2.5448, 
-1.204, 0.92898, 2.4575, 3.9103, 4.2027, 3.4988, 2.2926, 0.23494, 
-1.8592, -4.1555, -5.5449, -5.527, -3.9898, -1.4592, 1.5902, 
4.4671, 6.3222, 6.9337, 5.7583, 2.9283, -0.61991, -4.6623, -7.909, 
-9.1904, -8.2506, -4.9154, -0.47599, 4.6305, 8.9992, 11.097, 
10.483, 7.447, 2.245, -4.1747, -10.041, -13.589, -13.291, -9.8029, 
-3.8433, 3.6612, 10.592, 15.662, 14.699, 3.1999, -0.64648, -4.313, 
-6.5809, -7.7348, -7.1925, -4.454, -0.53033, 3.786, 7.5461, 9.4733, 
9.2123, 6.73, 2.3877, -2.9176, -7.8203, -11.212, -12.155, -9.7872, 
-4.8518, 2.2185, 8.8347, 13.612, 14.756, 8.6635, 2.0699, -3.1771, 
-7.7709, -10.682, -11.474, -9.1558, -4.3307, 2.2203, 8.5422, 
12.799, 13.759, 9.8831, 3.5659, -2.2851, -7.6938, -11.642, -13.041, 
-11.303, -6.2759, 0.42482, 7.8575, 13.606, 16.158, 8.6109, 1.0792, 
-2.8096, -6.1421, -8.1113, -8.346, -6.3772, -2.9253, 2.0682, 
6.8656, 9.8261, 11.142, 9.4526, 4.6118, -1.4303, -7.7247, -12.367, 
-14.153, -12.519, -7.6245, -0.73513, 7.5834, 14.415, 17.493, 
4.7145, -0.45901, -2.7568, -3.8855, -4.3139, -4.096, -2.3194, 
0.051935, 2.1057, 4.3209, 5.954, 5.8802, 4.0393, 1.0416, -2.3546, 
-5.5642, -7.6049, -7.5785, -5.7753, -2.318, 1.9138, 6.0432, 8.9169, 
9.4746, 7.9286, 3.8023, -1.1831, -6.2518, -10.238, -11.807, -10.744, 
-6.6594, -0.83291, 5.5698, 11.362, 14.494, 12.935, 5.4291, -0.48404, 
-6.0058, -10.133, -11.91, -11.09, -7.3402, -1.5426, 5.1339, 11.613, 
15.108, 12.958, 3.8971, -1.3056, -6.4179, -9.7016, -10.769, -8.9979, 
-4.9287, 0.99026, 6.8715, 11.195, 13.2, 11.359, 6.4498, -0.25887, 
-6.7851, -11.985, -14.236, -13.8, -9.7239, -2.6149, 5.5433, 13.395, 
17.565, 7.3493, -0.20408, -1.8093, -2.8792, -3.0381, -2.6721, 
-1.6046, -0.33693, 1.3245, 3.0132, 3.9434, 3.9707, 2.4806, 0.51869, 
-1.4843, -3.6351, -4.6123, -4.4262, -3.3517, -1.3536, 1.3214, 
3.9676, 5.7077, 5.4769, 4.3356, 2.1365, -0.6267, -3.7848, -6.1154, 
-7.1139, -6.2042, -3.7986, -0.26902, 3.7052, 6.984, 8.0107, 7.9821, 
5.5554, 1.6669, -2.8261, -7.1972, -10.106, -10.565, -8.1132, 
-3.5139, 2.104, 7.7076, 12.043, 13.227, 10.077, 4.4406, -1.6912, 
-7.4148, -12.308, -14.037, -12.702, -7.8967, -0.37375, 7.6443, 
14.384, 17.428, 4.8386, -0.49197, -3.0792, -4.5407, -5.4248, 
-4.7369, -2.8794, -0.25639, 2.6401, 5.3593, 7.3278, 7.6238, 5.1813, 
1.2006, -2.9898, -6.7874, -8.7033, -8.8349, -7.1795, -3.379, 
1.7683, 6.6936, 9.9471, 10.905, 9.2622, 5.3305, -0.14749, -5.9188, 
-10.73, -12.797, -12.04, -8.3665, -2.1953, 4.7371, 11.362, 15.614, 
13.78, 2.9364, -1.5513, -5.6995, -8.3018, -8.5426, -6.9417, -3.7013, 
1.3918, 5.6464, 9.3027, -9.7337, -2.4359, 4.534, 6.7532, 6.8208, 
5.2711, 2.3431, -1.3503, -5.1818, -7.9125, -8.678, -7.1535, -3.6178, 
1.1977, 5.9599, 9.4885, 10.806, 9.4629, 5.6204, -0.068862, -6.1598, 
-11.103, -13.69, -13.16, -9.297, -2.8287, 4.415, 8.8619, 10.186, 
9.1047, 5.5762, 0.27154, -5.7108, -10.906, -13.776, -13.355, 
-9.3524, -2.7993, 4.4968, 8.7635, 9.9556, 8.7102, 5.1126, -0.057304, 
-5.6924, -10.402, -12.858, -12.203, -8.3149, -2.0757, 4.8686, 
9.9237, 12.021, 11.189, 7.2459, 1.0504, -5.9411, -11.981, -15.486, 
-15.307, -11.222, -3.9923, 3.3324, 5.1467, 4.9749, 3.5589, 1.1538, 
-1.8173, -4.6279, -6.4907, -6.9312, -5.5882, -2.9327, 0.63957, 
4.1949, 6.9391, 8.1511, 7.4744, 4.8682, 0.80322, -3.8241, -7.9217, 
-10.302, -10.159, -7.4233, -2.6778, 3.2069, 8.6167, 12.196, 12.973, 
10.658, 5.5441, -1.5166, -8.7971, -14.298, -16.646, -15.026, 
-9.4705, -1.1762, 3.1694, 3.3995, 2.7037, 1.3275, -0.47006, -2.2178, 
-3.4304, -3.8257, -3.1793, -1.7739, 0.31275, 2.4459, 4.1187, 
5.0983, 5.0382, 3.8615, 1.5168, -1.2717, -3.9281, -5.6938, -6.1636, 
-5.088, -2.5723, 0.70181, 4.1229, 6.7464, 7.9509, 7.1999, 4.4951, 
0.39527, -4.2329, -8.0783, -10.142, -9.9113, -7.0653, -2.3081, 
3.3001, 8.3616, 11.621, 12.103, 9.3468, 3.7895, -3.0601, -9.5249, 
-13.912, -15.085, -12.508, -6.543, 1.2077, 6.026, 7.0445, 6.3058, 
3.9286, 0.44651, -3.4654, -6.8963, -8.8058, -8.6262, -6.2909, 
-2.2761, 2.4663, 6.8903, 9.9073, 10.551, 8.572, 4.2124, -1.5768, 
-7.5468, -12.03, -13.733, -11.897, -6.8758, 0.11895, 6.6545, 
9.7526, 10.215, 8.1161, 3.8391, -1.7254, -7.3022, -11.46, -12.947, 
-11.116, -6.3435, 0.22258, 6.7167, 10.729, 11.863, 10.092, 5.7599, 
-0.33734, -6.8694, -12.145, -14.75, -13.78, -9.1338, -1.9746, 
5.0329, 7.4662, 7.6069, 5.8489, 2.5336, -1.636, -5.6795, -8.6357, 
-9.6455, -8.0936, -4.2859, 0.92428, 6.4989, 10.781, 12.608, 11.232, 
6.826, 0.26453, -6.8379, -12.712, -15.99, -15.492, -10.938, -3.2723, 
3.3254, 4.1859, 3.6771, 2.1833, 0.12208, -2.1026, -4.0833, -4.9789, 
-4.7242, -3.3979, -0.98531, 2.1006, 4.9175, 6.6741, 6.9318, 5.4039, 
2.3768, -1.4606, -5.1766, -7.7324, -8.5053, -7.0215, -3.5936, 
1.0061, 5.6722, 9.3255, 10.78, 9.6787, 6.0803, 0.69858, -5.2435, 
-10.303, -13.069, -12.949, -9.4839, -3.339, 3.7749, 8.9278, 10.875, 
10.036, 6.5566, 1.1965, -4.8697, -10.156, -13.333, -13.478, -10.122, 
-3.7803, 3.6023, 8.2137, 9.4471, 8.136, 4.5045, -0.56234, -5.9157, 
-10.108, -11.897, -10.796, -6.8512, -0.96074, 5.5584, 10.761, 
13.309, 12.535, 8.5354, 2.2379, -5.0589, -11.765, -16.035, -16.563, 
-12.88, -5.6325, 1.8873, 3.0105, 2.6934, 1.654, 0.22946, -1.2425, 
-2.4938, -3.1776, -3.2197, -2.3632, -0.71939, 1.3021, 3.1244, 
4.185, 4.2079, 3.1825, 1.2178, -1.1133, -3.2547, -4.7353, -5.2053, 
-4.2236, -1.9561, 0.90375, 3.5665, 5.5732, 6.3814, 5.7471, 3.5772, 
0.39569, -3.0951, -6.0402, -7.5908, -7.3065, -5.0716, -1.4857, 
2.6471, 6.4744, 8.9641, 9.3622, 7.4508, 3.4498, -1.8139, -7.0424, 
-10.706, -11.902, -10.245, -5.823, 0.47161, 6.7615, 11.118, 12.715, 
11.26, 6.8942, 0.42757, -6.6216, -12.653, -15.902, -15.24, -10.639, 
-2.9359, 3.6039, 4.583, 4.0128, 2.3172, -0.14028, -2.8074, -5.0415, 
-6.271, -6.1174, -4.4802, -1.5124, 2.3053, 5.9192, 8.1464, 8.3334, 
6.4545, 2.8249, -1.5709, -5.9292, -9.1746, -10.369, -8.9691, 
-5.2372, -0.099735, 5.1985, 9.5487, 11.692, 11.032, 7.4944, 1.8172, 
-4.6402, -10.458, -14.128, -14.633, -11.457, -5.1983, 2.5458, 
6.8219, 7.6944, 6.4121, 3.203, -0.9876, -5.1942, -8.4143, -9.7547, 
-8.7009, -5.4228, 0.22485, 3.6947, 23.264, 1.2215, 0.050022, 
0.015121, 0.011985, 0.011501, 0.012226, 0.015257, 0.022294, 0.039846, 
0.083713, 0.17455, 0.1756, 0.058874, 0.019938, 0.012541, 0.0099838, 
0.0095605, 0.010928, 0.01277, 0.01799, 0.036865, 0.13795, 1.2233, 
10.697, 3.6463, 0.12315, 0.017804, 0.011877, 0.012037, 0.016205, 
0.016902, 0.017689, 0.036442, 0.15178, 1.4128, 12.892, 3.6619, 
0.12122, 0.018009, 0.012083, 0.011954, 0.014033, 0.014233, 0.018273, 
0.037116, 0.1325, 0.92724, 5.9441, 3.535, 0.15629, 0.0186, 0.012981, 
0.022926, 0.097724, 0.16557, 0.03948, 0.037904, 0.17975, 3.1832, 
30.835, 1.3564, 0.055819, 0.015937, 0.013016, 0.012706, 0.013892, 
0.016794, 0.022613, 0.034658, 0.051354, 0.068937, 0.060243, 0.035222, 
0.020586, 0.014406, 0.011576, 0.010533, 0.010791, 0.012483, 0.017062, 
0.029702, 0.065216, 0.1956, 0.62255, 0.67862, 0.10968, 0.0183, 
0.011025, 0.0092002, 0.013103, 0.044117, 0.044049, 0.022802, 
0.058804, 0.53062, 18.253, 8.4194, 0.24537, 0.023907, 0.01536, 
