"yarn" <-
structure(list(blend = c("100%", "100%", "100%", "100%", "100%", 
"100%", "100%", "100%", "100%", "75/25%", "75/25%", "75/25%", 
"75/25%", "75/25%", "75/25%", "75/25%", "75/25%", "75/25%"), melt = c("135", 
"135", "135", "139", "139", "139", "149", "149", "149", "135", 
"135", "135", "139", "139", "139", "149", "149", "149"), order = c(1, 
4, 7, 2, 5, 8, 3, 6, 9, 10, 13, 16, 11, 14, 17, 12, 15, 18), fric = c(0.122, 
0.117, 0.127, 0.113, 0.111, 0.112, 0.118, 0.119, 0.115, 0.127, 
0.125, 0.125, 0.119, 0.114, 0.114, 0.12, 0.099, 0.12)), class = "data.frame", row.names = c("1", 
"2", "3", "4", "5", "6", "7", "8", "9", "10", "11", "12", "13", 
"14", "15", "16", "17", "18"))
